1.1102230246251565e-16
1.1102230246251565e-16
2.220446049250313e-16
4.440892098500626e-16
5.551115123125783e-16
7.771561172376096e-16
8.881784197001252e-16
8.881784197001252e-16
9.992007221626409e-16
1.3322676295501878e-15
0.9903113209758097
3.7651019814126676
7.774790660436858
12.225209339563145
16.234898018587337
19.009688679024194
20.0
20.0
20.0
20.0
20.0
20.0
20.97886967409693
23.819660112501055
28.244294954150536
33.819660112501055
40.0
43.09016994374947
45.877852522924734
48.09016994374947
49.510565162951536
50.0
50.0
50.0
50.0
50.0
50.0
49.876883405951375
49.510565162951536
48.91006524188368
48.09016994374947
47.071067811865476
46.05196567998148
45.23207038184727
44.631570460779415
44.265252217779576
44.14213562373095
43.00032861140025
39.748737341529164
34.8823871092073
29.142135623730955
23.401884138254605
18.535533905932738
15.283942636061653
14.142135623730951
13.847394497578545
12.970428623836927
11.532831812800477
9.570002469067191
7.130271965336895
4.6905414616066
2.7277121178733132
1.2901153068368636
0.41314943309524577
0.11840830694283966
0.11840830694283921
0.11840830694283866
0.11840830694283788
0.11840830694283744
0.118408306942837
0.11840830694283622
0.11840830694283566
