2.0
4.0
6.0
8.0
10.0
12.0
14.0
16.0
18.0
20.0
24.33883739117558
27.8183148246803
29.749279121818237
29.749279121818237
27.8183148246803
24.33883739117558
20.0
16.0
12.0
8.0
4.0
-1.2246467991473532e-16
-6.180339887498948
-11.755705045849462
-16.18033988749895
-19.02113032590307
-20.0
-20.489434837048464
-21.909830056250527
-24.122147477075266
-26.909830056250527
-30.0
-33.0
-36.0
-39.0
-42.0
-45.0
-46.564344650402305
-48.09016994374947
-49.53990499739547
-50.87785252292473
-52.071067811865476
-53.264283100806225
-54.60223062633548
-56.05196567998148
-57.577790973328646
-59.14213562373095
-64.8823871092073
-69.74873734152916
-73.00032861140025
-74.14213562373095
-73.00032861140025
-69.74873734152916
-64.8823871092073
-59.14213562373095
-55.39709453066783
-51.74426877839471
-48.273603059966206
-45.07055668384915
-42.213999282125
-39.357441880400856
-36.154395504283805
-32.68372978585529
-29.030904033582182
-25.285862940519053
-22.285862940519053
-19.285862940519053
-16.285862940519053
-13.285862940519053
-10.285862940519053
-7.285862940519053
-4.285862940519053
