1.110223024625156540e-16 2.000000000000000000e+00
1.110223024625156540e-16 4.000000000000000000e+00
2.220446049250313081e-16 6.000000000000000000e+00
4.440892098500626162e-16 8.000000000000000000e+00
5.551115123125782702e-16 1.000000000000000000e+01
7.771561172376095783e-16 1.200000000000000000e+01
8.881784197001252323e-16 1.400000000000000000e+01
8.881784197001252323e-16 1.600000000000000000e+01
9.992007221626408864e-16 1.800000000000000000e+01
1.332267629550187849e-15 2.000000000000000000e+01
9.903113209758096502e-01 2.433883739117558065e+01
3.765101981412667609e+00 2.781831482468030003e+01
7.774790660436858403e+00 2.974927912181823686e+01
1.222520933956314515e+01 2.974927912181823686e+01
1.623489801858733728e+01 2.781831482468030003e+01
1.900968867902419390e+01 2.433883739117558065e+01
2.000000000000000000e+01 2.000000000000000000e+01
2.000000000000000000e+01 1.600000000000000000e+01
2.000000000000000000e+01 1.200000000000000000e+01
2.000000000000000000e+01 8.000000000000000000e+00
2.000000000000000000e+01 4.000000000000000000e+00
2.000000000000000000e+01 -1.224646799147353207e-16
2.097886967409693071e+01 -6.180339887498948137e+00
2.381966011250105453e+01 -1.175570504584946185e+01
2.824429495415053637e+01 -1.618033988749894903e+01
3.381966011250105453e+01 -1.902113032590306929e+01
4.000000000000000000e+01 -2.000000000000000000e+01
4.309016994374947274e+01 -2.048943483704846358e+01
4.587785252292473359e+01 -2.190983005625052726e+01
4.809016994374947274e+01 -2.412214747707526641e+01
4.951056516295153642e+01 -2.690983005625052726e+01
5.000000000000000000e+01 -3.000000000000000000e+01
5.000000000000000000e+01 -3.300000000000000000e+01
5.000000000000000000e+01 -3.600000000000000000e+01
5.000000000000000000e+01 -3.900000000000000000e+01
5.000000000000000000e+01 -4.200000000000000000e+01
5.000000000000000000e+01 -4.500000000000000000e+01
4.987688340595137504e+01 -4.656434465040230464e+01
4.951056516295153642e+01 -4.809016994374947274e+01
4.891006524188367877e+01 -4.953990499739546749e+01
4.809016994374947274e+01 -5.087785252292472649e+01
4.707106781186547551e+01 -5.207106781186547551e+01
4.605196567998147827e+01 -5.326428310080622452e+01
4.523207038184727224e+01 -5.460223062633548352e+01
4.463157046077941459e+01 -5.605196567998147827e+01
4.426525221777957597e+01 -5.757779097332864637e+01
4.414213562373095101e+01 -5.914213562373095101e+01
4.300032861140024920e+01 -6.488238710920730057e+01
3.974873734152916427e+01 -6.974873734152916427e+01
3.488238710920730057e+01 -7.300032861140024920e+01
2.914213562373095456e+01 -7.414213562373095101e+01
2.340188413825460501e+01 -7.300032861140024920e+01
1.853553390593273775e+01 -6.974873734152916427e+01
1.528394263606165282e+01 -6.488238710920730057e+01
1.414213562373095101e+01 -5.914213562373095101e+01
1.384739449757854501e+01 -5.539709453066782885e+01
1.297042862383692707e+01 -5.174426877839471217e+01
1.153283181280047742e+01 -4.827360305996620582e+01
9.570002469067190987e+00 -4.507055668384914782e+01
7.130271965336895335e+00 -4.221399928212500186e+01
4.690541461606599682e+00 -3.935744188040085589e+01
2.727712117873313247e+00 -3.615439550428380500e+01
1.290115306836863596e+00 -3.268372978585529154e+01
4.131494330952457661e-01 -2.903090403358218197e+01
1.184083069428396584e-01 -2.528586294051905270e+01
1.184083069428392143e-01 -2.228586294051905270e+01
1.184083069428386592e-01 -1.928586294051905270e+01
1.184083069428378820e-01 -1.628586294051905270e+01
1.184083069428374380e-01 -1.328586294051905270e+01
1.184083069428369939e-01 -1.028586294051905270e+01
1.184083069428362167e-01 -7.285862940519052700e+00
1.184083069428356616e-01 -4.285862940519052700e+00
